0 0.04
5 0.30
10 0.55
15 0.82
20 1.05
25 1.33
30 1.67
35 2.11
40 2.19
45 2.58
50 2.84
55 3.15
60 2.94
65 2.82
70 3.27
75 3.26
80 3.64
85 3.54
90 3.62
95 4.00
100 4.11
105 4.45
110 4.73
115 5.03
120 4.93
125 5.36
130 5.49
135 5.69
140 5.81
145 6.16
150 6.51
155 6.76
160 6.19
165 6.91
170 7.06
175 7.24
180 7.33
185 7.21
190 7.72
195 6.93
200 7.54
205 8.07
210 7.81
215 8.99
220 11.03
225 12.44
230 12.90
235 12.58
240 13.10
245 11.84
250 9.77
255 10.99
260 10.37
265 10.15
270 10.12
275 10.47
280 10.58
285 10.87
290 10.42
295 10.76
300 11.72
305 12.16
310 12.15
315 12.41
320 12.08
325 11.96
330 12.27
335 12.14
340 12.42
345 16.19
350 18.43
355 21.41
360 20.66
365 19.39
370 19.96
375 21.21
380 20.73
385 19.97
390 18.36
395 21.87
400 22.51
405 19.72
410 17.02
415 16.09
420 23.62
425 23.53
430 22.93
435 21.55
440 18.76
445 16.19
450 20.76
455 21.02
460 20.39
465 20.56
470 19.95
475 22.19
480 21.22
485 18.60
490 18.70
495 23.66
500 18.98
